002177     501.64     8.620
601186     16084.26     9.670
000712     -927.37     20.140
002126     3309.13     8.940
601198     -3497.45     23.060
603016     217.04     40.680
002008     -1658.54     22.370
002210     1529.07     17.540
002045     -670.62     13.400
002607     -526.05     11.300
000725     -1257.13     2.550
600031     -565.92     5.670
002399     -316.25     17.890
603696     -999.15     44.310
000900     281.18     8.250
000969     -762.80     12.220
603188     -824.06     18.410
000514     -885.61     7.960
002455     -410.34     9.890
002661     -379.79     17.220
000048     -61.71     34.990
002430     4767.81     9.220
000908     -499.44     12.060
000598     -711.04     6.190
600243     -41.97     10.520
002605     -1014.32     18.650
603018     -805.08     33.330
000683     1829.15     3.170
600206     -1864.87     10.800
002523     -930.57     6.810
600982     -125.17     5.410
600252     -2484.47     4.450
002068     -898.65     7.320
002530     167.03     32.150
600817     677.67     20.780
002694     136.51     28.590
603166     -428.88     19.610
002205     -2945.32     31.140
002083     -1052.23     6.850
002062     541.50     7.970
000995     -368.18     16.100
600790     -653.89     6.820
000809     -366.51     5.270
601339     -674.63     6.440
600020     -2529.20     4.540
002734     -323.02     35.330
002348     348.21     8.320
600475     -1345.38     20.510
002435     69.00     21.940
000629     -4186.96     2.520
002342     -1672.78     6.110
002691     -345.77     23.690
600289     -11692.58     15.810
002700     -219.97     16.300
600283     -718.11     13.100
000519     -2254.18     14.460
600385     -723.15     21.600
600608     3.27     12.800
600331     -893.41     6.140
002756     -330.32     27.100
001896     -825.51     9.440
000736     219.58     17.150
600350     408.79     6.400
600555     345.45     6.880
600557     -228.33     19.310
600152     736.49     12.130
600495     -116.77     7.380
002473     -458.48     27.630
600180     -536.87     15.280
000546     -1171.07     11.820
002120     -972.54     56.510
601989     -1915.31     6.710
002495     972.41     7.990
600502     -3058.04     9.860
002057     780.32     16.290
002516     -991.56     7.050
000910     1857.54     20.890
002339     -285.86     18.880
002468     -1133.05     35.650
600382     -1545.87     18.080
002101     -198.67     23.330
002767     -348.52     37.880
000597     -1026.25     10.630
002110     -355.05     8.130
002569     -476.56     48.860
600533     -497.99     5.420
600008     -265.73     4.380
601002     -399.87     9.570
